07987 257335
07827 472548
02012 123987
02015 497861
07123 493626
07486 012752
07123 123987
07213 123987
07670 752257
07277 529516
07832 379724
07501 206233
07829 597755
07437 761482
07522 472925
07959 455425
07393 525956
07312 785428
07341 572030
07225 913821
07798 720714
07199 297153
07255 268539
07562 586854
07184 578815
07986 919540
07725 476350
07476 459169
07727 778957
07340 905015
07622 227906
07224 733359
07769 342720
07701 950799
07170 857227
07346 379558
07922 800089
07471 564640
07499 710930
07912 185030
07681 848619
07564 687417
07278 202657
07129 176126
07506 313454
07102 660928
07577 898071
07405 232546
07192 799211
07578 611586
07220 305616
07279 162241
07773 495942
07591 149661
07328 362537
07620 183392
07428 976549
07242 913739
07772 246457
07518 878619
07113 474138
07557 166833
07330 946998
07941 447248
07376 109993
07465 699546
07577 673647
07298 773940
07726 170287
07417 885018
07109 358432
07997 891555
07162 269559
07627 499694
07943 224202
07990 661938
07809 890940
07340 830088
07724 404386
07912 430602
07801 219831
07471 909930
07122 717379
07130 153974
07190 418050
07974 386313
07554 908644
07213 343407
07833 876092
07905 532746
07692 757770
07628 570038
07412 188701
07995 588246
07705 948768
07791 296735
07459 922832
07766 125421
07721 774187
07826 319173
07165 543914
07211 592908
07416 951294
07766 561520
07927 357551
07388 778067
07168 286809
07989 550368